0.000000 1.000000
0.010000 1.038246
0.020000 1.076493
0.030000 1.114745
0.040000 1.153004
0.050000 1.191271
0.060000 1.229549
0.070000 1.267840
0.080000 1.306146
0.090000 1.344470
0.100000 1.382812
0.110000 1.421176
0.120000 1.459564
0.130000 1.497976
0.140000 1.536417
0.150000 1.574887
0.160000 1.613388
0.170000 1.651922
0.180000 1.690492
0.190000 1.729099
0.200000 1.767744
0.210000 1.806430
0.220000 1.845159
0.230000 1.883931
0.240000 1.922749
0.250000 1.961615
0.260000 2.000529
0.270000 2.039494
0.280000 2.078510
0.290000 2.117580
0.300000 2.156704
0.310000 2.195884
0.320000 2.235121
0.330000 2.274416
0.340000 2.313770
0.350000 2.353185
0.360000 2.392661
0.370000 2.432200
0.380000 2.471801
0.390000 2.511467
0.400000 2.551198
0.410000 2.590993
0.420000 2.630855
0.430000 2.670784
0.440000 2.710779
0.450000 2.750842
0.460000 2.790973
0.470000 2.831172
0.480000 2.871439
0.490000 2.911774
0.500000 2.952178
0.510000 2.992651
0.520000 3.033192
0.530000 3.073801
0.540000 3.114478
0.550000 3.155224
0.560000 3.196036
0.570000 3.236916
0.580000 3.277862
0.590000 3.318874
0.600000 3.359952
0.610000 3.401094
0.620000 3.442301
0.630000 3.483570
0.640000 3.524902
0.650000 3.566295
0.660000 3.607749
0.670000 3.649262
0.680000 3.690833
0.690000 3.732461
0.700000 3.774145
0.710000 3.815884
0.720000 3.857675
0.730000 3.899519
0.740000 3.941413
0.750000 3.983355
0.760000 4.025345
0.770000 4.067381
0.780000 4.109460
0.790000 4.151582
0.800000 4.193745
0.810000 4.235946
0.820000 4.278185
0.830000 4.320458
0.840000 4.362765
0.850000 4.405103
0.860000 4.447471
0.870000 4.489866
0.880000 4.532287
0.890000 4.574731
0.900000 4.617197
0.910000 4.659681
0.920000 4.702183
0.930000 4.744701
0.940000 4.787231
0.950000 4.829771
0.960000 4.872321
0.970000 4.914877
0.980000 4.957437
0.990000 5.000000
