0.000000 1.000000
0.010000 1.016331
0.020000 1.032687
0.030000 1.049090
0.040000 1.065564
0.050000 1.082134
0.060000 1.098822
0.070000 1.115653
0.080000 1.132649
0.090000 1.149835
0.100000 1.167232
0.110000 1.184864
0.120000 1.202754
0.130000 1.220924
0.140000 1.239395
0.150000 1.258190
0.160000 1.277331
0.170000 1.296838
0.180000 1.316732
0.190000 1.337034
0.200000 1.357765
0.210000 1.378942
0.220000 1.400587
0.230000 1.422717
0.240000 1.445352
0.250000 1.468508
0.260000 1.492203
0.270000 1.516455
0.280000 1.541279
0.290000 1.566691
0.300000 1.592706
0.310000 1.619339
0.320000 1.646604
0.330000 1.674515
0.340000 1.703084
0.350000 1.732322
0.360000 1.762243
0.370000 1.792856
0.380000 1.824172
0.390000 1.856199
0.400000 1.888948
0.410000 1.922425
0.420000 1.956638
0.430000 1.991594
0.440000 2.027298
0.450000 2.063756
0.460000 2.100972
0.470000 2.138949
0.480000 2.177691
0.490000 2.217199
0.500000 2.257475
0.510000 2.298519
0.520000 2.340330
0.530000 2.382909
0.540000 2.426253
0.550000 2.470359
0.560000 2.515225
0.570000 2.560845
0.580000 2.607216
0.590000 2.654331
0.600000 2.702184
0.610000 2.750768
0.620000 2.800075
0.630000 2.850096
0.640000 2.900822
0.650000 2.952242
0.660000 3.004346
0.670000 3.057123
0.680000 3.110559
0.690000 3.164642
0.700000 3.219359
0.710000 3.274694
0.720000 3.330634
0.730000 3.387162
0.740000 3.444262
0.750000 3.501918
0.760000 3.560112
0.770000 3.618827
0.780000 3.678043
0.790000 3.737741
0.800000 3.797903
0.810000 3.858508
0.820000 3.919536
0.830000 3.980965
0.840000 4.042775
0.850000 4.104943
0.860000 4.167448
0.870000 4.230266
0.880000 4.293376
0.890000 4.356754
0.900000 4.420376
0.910000 4.484219
0.920000 4.548258
0.930000 4.612471
0.940000 4.676831
0.950000 4.741316
0.960000 4.805900
0.970000 4.870559
0.980000 4.935267
0.990000 5.000000
