0.000000 1.000000
0.010000 1.040366
0.020000 1.080731
0.030000 1.121097
0.040000 1.161463
0.050000 1.201829
0.060000 1.242195
0.070000 1.282561
0.080000 1.322928
0.090000 1.363295
0.100000 1.403662
0.110000 1.444030
0.120000 1.484398
0.130000 1.524767
0.140000 1.565136
0.150000 1.605505
0.160000 1.645876
0.170000 1.686246
0.180000 1.726618
0.190000 1.766990
0.200000 1.807363
0.210000 1.847736
0.220000 1.888110
0.230000 1.928485
0.240000 1.968861
0.250000 2.009238
0.260000 2.049615
0.270000 2.089994
0.280000 2.130373
0.290000 2.170753
0.300000 2.211134
0.310000 2.251517
0.320000 2.291900
0.330000 2.332284
0.340000 2.372670
0.350000 2.413056
0.360000 2.453443
0.370000 2.493832
0.380000 2.534222
0.390000 2.574613
0.400000 2.615005
0.410000 2.655398
0.420000 2.695792
0.430000 2.736188
0.440000 2.776585
0.450000 2.816983
0.460000 2.857382
0.470000 2.897782
0.480000 2.938184
0.490000 2.978587
0.500000 3.018991
0.510000 3.059396
0.520000 3.099802
0.530000 3.140210
0.540000 3.180619
0.550000 3.221029
0.560000 3.261440
0.570000 3.301853
0.580000 3.342267
0.590000 3.382682
0.600000 3.423098
0.610000 3.463515
0.620000 3.503933
0.630000 3.544353
0.640000 3.584773
0.650000 3.625195
0.660000 3.665618
0.670000 3.706041
0.680000 3.746466
0.690000 3.786892
0.700000 3.827319
0.710000 3.867747
0.720000 3.908175
0.730000 3.948605
0.740000 3.989036
0.750000 4.029467
0.760000 4.069899
0.770000 4.110332
0.780000 4.150766
0.790000 4.191201
0.800000 4.231636
0.810000 4.272072
0.820000 4.312509
0.830000 4.352946
0.840000 4.393384
0.850000 4.433823
0.860000 4.474262
0.870000 4.514701
0.880000 4.555141
0.890000 4.595582
0.900000 4.636022
0.910000 4.676463
0.920000 4.716905
0.930000 4.757346
0.940000 4.797788
0.950000 4.838230
0.960000 4.878673
0.970000 4.919115
0.980000 4.959558
0.990000 5.000000
