0.000000 1.000000
0.010000 1.024252
0.020000 1.048519
0.030000 1.072819
0.040000 1.097168
0.050000 1.121581
0.060000 1.146075
0.070000 1.170665
0.080000 1.195368
0.090000 1.220199
0.100000 1.245174
0.110000 1.270307
0.120000 1.295616
0.130000 1.321114
0.140000 1.346817
0.150000 1.372739
0.160000 1.398895
0.170000 1.425300
0.180000 1.451967
0.190000 1.478909
0.200000 1.506142
0.210000 1.533677
0.220000 1.561528
0.230000 1.589708
0.240000 1.618228
0.250000 1.647101
0.260000 1.676338
0.270000 1.705951
0.280000 1.735950
0.290000 1.766346
0.300000 1.797149
0.310000 1.828369
0.320000 1.860015
0.330000 1.892096
0.340000 1.924619
0.350000 1.957594
0.360000 1.991028
0.370000 2.024928
0.380000 2.059300
0.390000 2.094150
0.400000 2.129485
0.410000 2.165309
0.420000 2.201627
0.430000 2.238443
0.440000 2.275761
0.450000 2.313584
0.460000 2.351915
0.470000 2.390756
0.480000 2.430109
0.490000 2.469974
0.500000 2.510352
0.510000 2.551244
0.520000 2.592649
0.530000 2.634566
0.540000 2.676993
0.550000 2.719930
0.560000 2.763372
0.570000 2.807317
0.580000 2.851763
0.590000 2.896704
0.600000 2.942136
0.610000 2.988054
0.620000 3.034453
0.630000 3.081327
0.640000 3.128669
0.650000 3.176472
0.660000 3.224730
0.670000 3.273433
0.680000 3.322574
0.690000 3.372144
0.700000 3.422134
0.710000 3.472534
0.720000 3.523334
0.730000 3.574523
0.740000 3.626092
0.750000 3.678028
0.760000 3.730320
0.770000 3.782955
0.780000 3.835923
0.790000 3.889209
0.800000 3.942802
0.810000 3.996687
0.820000 4.050851
0.830000 4.105280
0.840000 4.159960
0.850000 4.214877
0.860000 4.270016
0.870000 4.325362
0.880000 4.380900
0.890000 4.436614
0.900000 4.492490
0.910000 4.548511
0.920000 4.604662
0.930000 4.660926
0.940000 4.717289
0.950000 4.773733
0.960000 4.830242
0.970000 4.886801
0.980000 4.943392
0.990000 5.000000
