0.000000 1.000000
0.010000 0.997544
0.020000 0.995128
0.030000 0.992789
0.040000 0.990567
0.050000 0.988500
0.060000 0.986628
0.070000 0.984988
0.080000 0.983620
0.090000 0.982561
0.100000 0.981849
0.110000 0.981523
0.120000 0.981620
0.130000 0.982178
0.140000 0.983233
0.150000 0.984823
0.160000 0.986983
0.170000 0.989751
0.180000 0.993161
0.190000 0.997250
0.200000 1.002051
0.210000 1.007600
0.220000 1.013930
0.230000 1.021075
0.240000 1.029066
0.250000 1.037938
0.260000 1.047721
0.270000 1.058446
0.280000 1.070143
0.290000 1.082842
0.300000 1.096573
0.310000 1.111362
0.320000 1.127237
0.330000 1.144225
0.340000 1.162350
0.350000 1.181639
0.360000 1.202113
0.370000 1.223797
0.380000 1.246711
0.390000 1.270877
0.400000 1.296314
0.410000 1.323040
0.420000 1.351073
0.430000 1.380428
0.440000 1.411122
0.450000 1.443167
0.460000 1.476577
0.470000 1.511361
0.480000 1.547531
0.490000 1.585095
0.500000 1.624060
0.510000 1.664432
0.520000 1.706214
0.530000 1.749411
0.540000 1.794024
0.550000 1.840052
0.560000 1.887494
0.570000 1.936348
0.580000 1.986608
0.590000 2.038268
0.600000 2.091322
0.610000 2.145759
0.620000 2.201569
0.630000 2.258741
0.640000 2.317259
0.650000 2.377109
0.660000 2.438274
0.670000 2.500735
0.680000 2.564472
0.690000 2.629464
0.700000 2.695687
0.710000 2.763117
0.720000 2.831728
0.730000 2.901492
0.740000 2.972380
0.750000 3.044362
0.760000 3.117407
0.770000 3.191480
0.780000 3.266548
0.790000 3.342574
0.800000 3.419522
0.810000 3.497354
0.820000 3.576030
0.830000 3.655509
0.840000 3.735751
0.850000 3.816713
0.860000 3.898351
0.870000 3.980620
0.880000 4.063476
0.890000 4.146873
0.900000 4.230763
0.910000 4.315100
0.920000 4.399835
0.930000 4.484920
0.940000 4.570306
0.950000 4.655942
0.960000 4.741780
0.970000 4.827769
0.980000 4.913859
0.990000 5.000000
