0.000000 1.000000
0.010000 0.988312
0.020000 0.976644
0.030000 0.965018
0.040000 0.953455
0.050000 0.941976
0.060000 0.930600
0.070000 0.919350
0.080000 0.908245
0.090000 0.897306
0.100000 0.886553
0.110000 0.876006
0.120000 0.865685
0.130000 0.855610
0.140000 0.845801
0.150000 0.836277
0.160000 0.827057
0.170000 0.818160
0.180000 0.809605
0.190000 0.801409
0.200000 0.793591
0.210000 0.786168
0.220000 0.779159
0.230000 0.772579
0.240000 0.766445
0.250000 0.760774
0.260000 0.755582
0.270000 0.750883
0.280000 0.746693
0.290000 0.743027
0.300000 0.739898
0.310000 0.737320
0.320000 0.735306
0.330000 0.733869
0.340000 0.733020
0.350000 0.732772
0.360000 0.733135
0.370000 0.734120
0.380000 0.735737
0.390000 0.737994
0.400000 0.740901
0.410000 0.744466
0.420000 0.748696
0.430000 0.753597
0.440000 0.759177
0.450000 0.765441
0.460000 0.772393
0.470000 0.780037
0.480000 0.788378
0.490000 0.797418
0.500000 0.807159
0.510000 0.817603
0.520000 0.828751
0.530000 0.840601
0.540000 0.853155
0.550000 0.866410
0.560000 0.880364
0.570000 0.895014
0.580000 0.910358
0.590000 0.926390
0.600000 0.943105
0.610000 0.960499
0.620000 0.978563
0.630000 0.997292
0.640000 1.016677
0.650000 1.036710
0.660000 1.057381
0.670000 1.078680
0.680000 1.100597
0.690000 1.123121
0.700000 1.146238
0.710000 1.169937
0.720000 1.194204
0.730000 1.219025
0.740000 1.244385
0.750000 1.270269
0.760000 1.296662
0.770000 1.323546
0.780000 1.350905
0.790000 1.378722
0.800000 1.406977
0.810000 1.435653
0.820000 1.464730
0.830000 1.494189
0.840000 1.524010
0.850000 1.554171
0.860000 1.584654
0.870000 1.615435
0.880000 1.646494
0.890000 1.677808
0.900000 1.709356
0.910000 1.741115
0.920000 1.773062
0.930000 1.805174
0.940000 1.837427
0.950000 1.869799
0.960000 1.902266
0.970000 1.934804
0.980000 1.967390
0.990000 2.000000
